1	18.586
2	26.582
3	32.559
4	33.87
5	28.97
6	30.227
7	25.645
8	35.141
9	32.487
10	34.155
11	32.84
12	28.932
13	35.569
14	35.183
15	31.341
16	28.339
17	34.724
18	35.49
19	31.54
20	26.062
21	22.168
22	21.686
23	24.823
24	33.606
25	31.6
26	34.025
27	42.099
28	38.764
29	33.308
30	35.967
31	33.909
32	31.72
33	25.665
34	31.954
35	31.201
36	34.507
37	36.853
38	35.684
39	30.565
40	26.005
41	23.453
42	27.346
43	35.146
44	34.308
45	37.988
46	41.226
47	38.14
48	31.947
49	30.562
50	31.363
51	31.39
52	27.907
53	35.507
54	38.55
55	40.444
56	35.801
57	38.967
58	37.581
59	37.381
60	33.52
61	31.162
62	25.729
63	29.341
64	26.689
65	25.053
66	24.777
67	33.333
68	38.334
69	40.264
70	37.567
71	40.062
72	43.615
73	38.263
74	35.71
75	37.505
76	36.051
77	38.942
78	29.7
79	30.812
80	31.912
81	30.423
82	30.452
83	25.348
84	23.977
85	31.284
86	27.555
87	32.35
88	32.757
89	38.619
90	46.081
91	43.115
92	40.324
93	40.045
94	37.315
95	32.549
96	37.902
97	21.93
98	24.729
99	33.653
100	31.762
101	31.027
102	31.898
103	37.879
104	38.125
105	31.516
106	30.278
107	30.845
108	30.905
109	35.249
110	26.562
111	24.806
112	20.719
113	33.461
114	28.952
115	35.438
116	37.748
117	32.659
118	37.137
119	41.508
120	42.465
121	41.474
122	37.086
123	35.183
124	29.909
125	27.909
126	26.945
127	24.011
128	29.382
129	33.136
130	32.67
131	35.409
132	36.04
133	32.507
134	26.253
135	25.513
136	26.51
137	33.486
138	29.561
139	30.12
140	28.704
141	25.965
142	24.008
143	24.412
144	31.682
145	37.747
146	32.639
147	23.753
148	15.234
149	16.393
150	23.932
151	27.007
152	34.153
153	29.022
154	26.443
155	26.618
156	33.913
157	30.735
158	22.52
159	27.035
160	24.911
161	20.141
162	19.522
163	28.588
164	30.564
165	29.467
166	31.758
167	39.226
168	33.18
169	24.42
170	35.213
171	36.896
172	35.561
173	28.37
174	30.998
175	29.014
176	35.551
177	34.608
178	26.205
179	23.083
180	29.009
181	22.073
182	26.574
183	28.958
184	32.616
185	26.739
186	22.59
187	22.618
188	25.29
189	26.506
190	27.644
191	24.142
192	21.975
193	24.649
194	30.866
195	34.131
196	30.247
197	35.209
198	31.042
199	30.962
200	27.586
201	35.781
202	24.617
203	28.003
204	25.023
205	24.916
206	30.482
207	26.297
208	27.37
209	20.546
210	22.705
211	18.659
212	22.275
213	26.278
214	20.244
215	19.771
216	28.917
217	36.441
218	33.784
219	29.024
220	28.89
221	25.285
222	27.431
223	23.256
224	27.285
225	28.998
226	28.257
227	22.7
228	23.056
229	25.379
230	25.676
231	24.616
232	27.768
233	24.037
234	28.362
235	18.111
236	17.747
237	16.53
238	25.39
239	27.508
240	24.156
241	32.85
242	31.211
243	25.553
244	27.828
245	28.119
246	29.947
247	28.026
248	25.993
249	28.135
250	30.273
251	31.791
252	25.831
253	34.892
254	38.707
255	29.858
256	24.875
257	22.93
258	24.352
259	28.845
260	25.701
261	24.083
262	22.738
263	27.373
264	29.018
265	31.03
266	24.168
267	21.712
268	22.569
269	21.73
270	23.388
271	25.605
272	25.957
273	26.591
274	31.093
275	29.2
276	31.761
277	28.062
278	27.402
279	23.057
280	25.202
281	21.339
282	26.142
283	23.669
284	30.764
285	29.358
286	24.699
287	22.574
288	22.77
289	17.312
290	25.094
291	27.644
292	27.524
293	27.079
294	21.387
295	21.935
296	21.998
297	22.528
298	23.719
299	18.471
300	18.26
301	18.736
302	23.049
303	27.473
304	22.387
305	23.923
306	26.364
307	19.954
308	16.909
309	18.75
310	23.626
311	23.275
312	26.403
313	27.946
314	25.851
315	21.441
316	23.214
317	20.337
318	16.489
319	20.368
320	19.28
321	20.113
322	24.486
323	18.177
324	20.255
325	18.95
326	18.19
327	22.556
328	22.127
329	23.773
330	21.59
331	25.764
332	22.603
333	19.519
334	21.741
335	21.356
336	25.825
337	22.185
338	21.341
339	25.831
340	23.196
341	21.759
342	20.343
343	22.349
344	23.038
345	25.419
346	27.338
347	22.004
348	22.387
349	22.845
350	19.945
351	25.642
352	28.426
353	23.374
354	23.756
355	25.833
356	21.434
357	25.184
358	21.668
359	23.235
360	23.366
361	24.24
362	21.73
363	24.811
364	26.287
365	24.572
366	25.72
367	22.791
368	17.847
369	21.053
370	24.849
371	20.065
372	19.258
373	26.872
374	26.539
375	24.997
376	26.275
377	24.368
378	22.964
379	18.213
380	16.03
381	20.817
382	23.788
383	22.233
384	22.019
385	16.844
386	20.745
387	21.381
388	22.297
389	20.96
390	21.551
391	22.008
392	21.067
393	15.517
394	17.038
395	16.088
396	16.281
397	23.446
398	16.046
399	22.943
400	22.221
401	21.439
402	20.588
403	25.617
404	30.668
405	29.836
406	25.796
407	26.479
408	24.492
409	24.877
410	28.855
411	28.282
412	22.33
413	21.99
414	17.46
415	19.738
416	25.651
417	23.195
418	20.252
419	22.302
420	22.468
421	21.526
422	21.885
423	20.703
424	20.817
425	10.728
426	20.143
427	22.796
428	23.249
429	26.539
430	26.871
431	22.672
432	20.247
433	18.356
434	17.358
435	24.298
436	21.864
437	22.557
438	21.182
439	16.858
440	25.936
441	25.336
442	21.912
443	22.925
444	26.404
445	23.266
446	28.813
447	24.594
448	20.761
449	11.341
450	7.211
451	11.225
452	12.084
453	4.3666
454	18.158
455	22.071
456	22.378
457	18.665
458	12.27
459	11.977
460	17.563
461	8.8282
462	17.704
463	22.451
464	21.219
465	0.47845
466	-8.4929
467	1.6194
468	8.3353
469	4.9714
470	19.292
471	21.078
472	23.487
473	20.984
474	14.567
475	9.776
476	8.0774
477	23.396
478	31.177
479	28.521
480	17.988
481	20.014
482	15.963
483	21.273
484	13.015
485	15.832
486	14.231
487	9.1693
488	14.201
489	12.578
490	9.8938
491	8.8291
492	1.5244
493	7.9194
494	15.256
495	21.312
496	29.387
497	25.918
498	16.4
499	6.9408
500	14.887
501	16.759
502	20.075
503	9.406
504	11.011
505	13.837
506	19.194
507	10.355
508	7.554
509	10.721
510	9.6318
511	12.228
512	20.328
513	21.088
514	10.361
515	4.3623
516	0.94964
517	20.659
518	22.245
519	6.2427
520	8.9981
521	15.646
522	12.033
523	26.377
524	18.549
525	31.882
526	21.052
527	18.86
528	5.6119
529	9.1318
530	16.795
531	18.178
532	8.7625
533	1.7234
534	7.0485
535	21.58
536	28.034
537	6.773
538	1.8285
539	14.109
540	9.485
541	3.0663
542	15.806
543	24.885
544	-0.92412
545	4.5709
546	2.1165
547	0.021304
548	25.982
549	31.163
550	5.3171
551	1.8633
552	-2.2418
553	-3.4726
554	7.5635
555	1.5152
556	-4.7253
557	0.82471
558	-10.515
559	2.4732
560	1.1835
561	5.7711
562	1.752
563	-1.6103
564	-9.4594
565	-3.2937
566	2.305
567	16.176
568	2.7235
569	29.894
570	-3.0636
571	0.5325
572	1.4698
573	-7.0342
574	-5.0018
575	-0.82144
576	8.171
577	4.2189
578	8.3568
579	4.2325
580	0.70493
581	4.7017
582	-1.7502
583	-0.88632
584	2.2241
585	3.4852
586	-7.5588
587	-3.5094
588	-5.7756
589	-0.34263
590	8.2309
591	1.7253
592	4.1926
593	-1.6352
594	-4.3059
595	4.0752
596	4.2563
597	-7.2551
598	1.8765
599	2.3014
600	10.807
601	7.5844
602	4.0448
603	5.8591
604	14.356
605	-2.7865
606	2.6692
607	3.2842
608	6.0239
609	-6.4872
610	-5.1034
611	-4.5988
612	-16.326
613	-4.1584
614	-6.8367
615	3.6048
616	1.4059
617	0.19513
618	2.8216
619	-9.2097
620	-3.6505
621	-1.9559
622	1.0499
623	-8.4245
624	3.9312
625	-4.7266
626	3.8715
627	4.2369
628	2.9536
629	4.3127
630	7.0646
631	5.2247
632	0.80623
633	-5.3206
634	4.9055
635	-3.141
636	-11.782
637	11.963
638	4.0705
639	5.2211
640	-6.6325
641	1.0241
642	6.2491
643	1.1756
644	0.94011
645	3.6047
646	3.5569
647	-0.7813
648	-10.743
649	-3.4001
650	0.56091
651	-11.262
652	-1.3538
653	-5.8293
654	1.7104
655	-0.42344
656	-1.3785
657	-0.56499
658	2.3439
659	-2.3903
660	-5.5665
661	-1.1444
662	-2.4668
663	2.1799
664	2.3381
665	-8.0272
666	-0.17408
667	0.05003
668	-1.7456
669	-2.0327
670	-8.4716
671	-6.0222
672	-1.871
673	8.6943
674	4.709
675	2.0939
676	-8.1175
677	-3.95
678	0.44391
679	2.4982
680	-4.9643
681	0.23215
682	-10.453
683	-9.2367
684	-9.8694
685	-8.6386
686	-11.421
687	-10.486
688	-7.7946
689	-0.23438
690	-0.33042
691	1.2335
692	-4.6285
693	-0.20616
694	-11.293
695	-1.543
696	-3.916
697	-6.2389
698	-7.2904
699	-6.0045
700	-2.0599
701	-4.8938
702	0.81412
703	-1.0274
704	-5.8009
705	-0.7283
706	-1.8549
707	-1.6837
708	-4.2888
709	-7.2643
710	-11.693
711	-4.6744
712	-4.1759
713	-4.4195
714	-1.7492
715	-9.4892
716	-0.40247
717	-1.7989
718	-6.239
719	-10.971
720	-20.163
721	-12.099
722	-16.431
723	-11.928
724	-3.6964
725	-3.3996
726	-3.4357
727	-5.0959
728	-13.543
729	-3.1163
730	-7.1773
731	-24.22
732	-9.1373
733	-6.1381
734	-8.3986
735	-10.588
736	-7.288
737	0.46272
738	-18.304
739	-7.6002
740	-9.6217
741	-13.35
742	-3.1147
743	-10.088
744	-14.671
745	-28.189
746	-14.794
747	-7.8387
748	-5.33
749	-11.317
750	-8.4732
751	-11.556
752	-1.3334
753	-4.0263
754	-13.094
755	-5.3132
756	-7.0922
757	-10.441
758	-16.455
759	-2.1964
760	-9.3964
761	-13.276
762	-1.5624
763	-1.2274
764	4.6267
765	-15.541
766	-9.6166
767	-10.11
768	-24.406
769	-10.485
770	-15.518
771	-19.607
772	-10.597
773	-21.536
774	-15.444
775	-12.197
776	-5.8685
777	-19.333
778	-10.353
779	-4.2732
780	-12.772
781	-9.667
782	-4.3122
783	-8.0721
784	-8.7812
785	-20.24
786	-10.282
787	-6.0026
788	-9.2434
789	-14.231
790	-11.887
791	-17.177
792	-10.449
793	-24.017
794	-23.484
795	-25.597
796	-15.566
797	-14.901
798	-1.5314
799	-6.7061
800	-16.322
801	-8.6698
802	-2.3832
803	-6.5304
804	-24.454
805	-6.0237
806	-3.6999
807	-11.234
808	-9.8665
809	-12.872
810	-18.546
811	-12.149
812	-14.514
813	-17.211
814	-2.6416
815	-13.93
816	-15.441
817	-15.239
818	-8.5003
819	-20.063
820	-12.872
821	-8.9089
822	-15.31
823	-1.614
824	-20.419
825	-15.215
826	-11.295
827	-19.125
828	-6.3236
829	-17.084
830	-15.297
831	-14.969
832	-17.499
833	-18.397
834	-11.061
835	-18.562
836	-12.24
837	-10.248
838	-10.024
839	-18.015
840	-20.27
841	-9.8911
842	-15.049
843	-20.061
844	-10.518
845	-14.543
846	-21.768
847	-14.687
848	-6.8677
849	-4.6795
850	-16.614
851	-25.346
852	-14.301
853	-9.0748
854	-8.9536
855	-8.2242
856	-7.6749
857	-8.7792
858	-4.2536
859	-5.2291
860	-8.4803
861	-6.8089
862	-5.0287
863	-22.002
864	-16.095
865	-10.332
866	-16.427
867	-8.1823
868	-6.6827
869	-12.697
870	24.954
871	-2.1348
872	-8.5779
873	-8.6184
874	-3.6094
875	-10.347
876	-22.308
877	-6.9401
878	-7.9675
879	-15.284
880	-15.746
881	-3.7169
882	-8.9932
883	-2.4342
884	-7.2765
885	-2.7208
886	-3.2494
887	-20.37
888	-14.077
889	-12.437
890	-9.4207
891	-4.0228
892	-4.4452
893	-3.9536
894	6.4823
895	-8.4146
896	-4.2091
897	-7.3639
898	-5.6913
899	-4.2232
900	-9.8298
901	-12.576
902	-6.6043
903	-3.3266
904	-11.707
905	-19.992
906	-8.0557
907	-3.6933
908	0.44112
909	-7.5218
910	-6.6321
911	0.76741
912	-7.7766
913	-8.5993
914	-14.178
915	-10.371
916	-14.077
917	-23.342
918	-5.0006
919	-1.2163
920	-13.748
921	-7.0122
922	-11.642
923	-10.81
924	-15.015
925	24.335
926	-11.468
927	-6.6763
928	-6.4321
929	-5.6869
930	-5.9086
931	-2.64
932	-2.0181
933	-1.6674
934	-7.2982
935	-6.0487
936	-12.215
937	-16.223
938	-8.9999
939	-6.4879
940	-5.5363
941	-3.9253
942	-11.171
943	2.3893
944	-14.896
945	-5.2519
946	-11.883
947	-0.72264
948	-1.4994
949	-5.8142
950	-12.041
951	-26.178
952	-8.4388
953	-12.907
954	-2.7278
955	0.15438
956	-1.9479
957	-4.7112
958	-3.2152
959	1.5182
960	-5.1204
961	-2.0595
962	-16.98
963	-3.3781
964	0.13176
965	-11.735
966	-2.9709
967	-12.542
968	-5.2358
969	-8.7627
970	-10.624
971	-1.0698
972	2.1436
973	-2.6138
974	-11.208
975	-10.627
976	-7.3685
977	3.6852
978	-5.2187
979	-6.6178
980	-7.0607
981	-0.1925
982	-3.1856
983	-2.0987
984	-10.264
985	-0.51794
986	-1.1205
987	-5.0962
988	-10.499
989	-8.4999
990	-2.848
991	-8.5661
992	-2.5443
993	-2.6992
994	-4.3955
995	0.3773
996	4.5811
997	-5.647
998	-6.2902
999	-10.849
1000	-14.104
1001	-13.573
