1.7092,1.9687,0.64012,1.5522,0.91646,0.12439,1.9849,1.1206,1.9468,1.6032,0.86499,1.1664,1.9594,0.055749,1.5714,2.4026,5.7297,9.0339,5.2945,1.4456,1.8082,1.0018,1.5255,0.94559,1.0533,1.9075,2.724,4.7404,9.1887,4.0431,1.0962,1.9004,0.09545,1.5557,0.90004,1.5542,1.6372,0.643,1.3111,1.3334,0.9167,1.1475,1.4049,0.61981,1.8564,1.7141,1.7847,1.3723,0.71336,0.94018
0.79413,0.56043,1.2136,0.94566,0.5261,1.5784,1.4438,0.77655,0.24492,0.1769,0.43454,1.0707,0.83077,1.7747,2.2194,4.7078,10.921,4.1949,2.472,0.052523,0.57896,0.17215,1.4455,1.2647,0.48966,2.5219,4.3367,9.6735,5.6398,1.223,1.8964,1.5686,1.2227,0.060017,1.3911,1.9119,1.0951,0.32357,0.79607,1.2445,0.65729,1.3647,0.76779,0.66364,1.1124,0.36187,1.6901,0.57276,1.8844,0.87697
1.4687,0.45502,0.28223,0.63814,0.36839,1.5511,1.059,0.60515,0.011033,0.050358,1.4375,0.71827,1.5897,1.8331,0.059161,2.4806,5.8199,10.617,5.742,1.3622,1.7198,0.50399,1.7089,0.394,1.6769,1.1115,5.381,9.9769,4.7495,2.1106,0.074172,0.14852,0.03418,1.3608,1.4119,0.47397,0.40528,1.4837,1.1711,1.7109,1.9826,0.15649,0.062271,0.37319,0.58437,0.19858,1.194,0.86781,0.60925,1.5587
1.2822,0.27184,0.011424,0.77442,1.3955,1.9748,0.56095,1.4986,0.028428,1.6695,0.82109,1.0964,0.86172,0.87699,1.8195,1.5902,5.5104,10.963,5.7342,1.4877,0.81988,0.34606,0.49991,1.9951,1.0514,1.0568,5.697,10.703,5.8245,2.2101,1.068,0.83518,1.2486,1.7855,0.91998,0.12742,1.7296,1.1334,1.6235,1.0966,1.6271,0.70414,0.91328,1.3752,0.025122,0.035268,0.83548,0.73482,0.44982,0.21853
1.7305,1.8034,0.84139,1.4127,0.24786,1.8903,0.25092,1.9508,1.9463,0.2947,1.836,0.18185,1.6213,0.45639,0.74803,1.9403,4.5716,9.9909,4.4577,2.9942,1.996,0.065396,1.2298,0.0046752,0.69961,1.8541,0.45903,1.1363,5.6788,10.568,5.0474,1.7185,0.38873,0.74205,0.19549,0.45845,0.44451,1.4892,1.3637,1.8102,0.59012,0.70665,0.55883,1.1293,0.83659,1.5957,1.1141,1.0005,0.21762,1.3895
0.7814,0.86176,1.7886,1.7948,0.30269,1.4658,0.26518,0.713,0.72045,1.851,1.2897,0.57355,0.96941,1.2183,0.82793,2.5169,4.6598,9.859,4.6021,2.3099,1.2327,1.753,0.097223,1.2306,0.51426,0.74118,1.2498,5.0525,10.186,5.9095,1.1733,1.9734,1.0116,1.2472,1.2985,1.5628,1.2024,0.57553,1.9369,0.035518,1.7518,0.23013,0.67256,1.0884,1.9989,0.51307,1.0878,0.31522,1.2087,0.1212
1.9873,1.1222,0.31188,1.5102,1.404,1.9158,1.4931,1.0117,0.88872,1.8669,0.76649,0.98362,1.078,1.8507,1.8491,2.0814,4.9417,10.392,4.8198,1.2357,1.9203,0.1155,0.22559,1.6489,1.3377,4.0317,9.1024,4.6576,1.1919,0.38863,0.46348,1.8781,0.9596,1.3853,1.2549,1.9297,0.49285,0.18806,0.58015,1.1717,0.63382,0.98488,0.10437,1.8671,1.3471,0.71966,1.437,0.89515,1.1111,1.1635
0.62962,0.028786,0.62111,0.27133,0.8022,0.25957,0.6831,1.5909,0.86292,0.21422,0.71101,1.1198,0.021895,1.2712,0.9128,2.6161,5.1384,9.437,4.3847,2.6495,0.077574,0.93518,0.69629,0.82813,2.1985,5.0073,10.279,4.6842,1.4766,0.93335,0.76697,0.030871,1.4211,1.57,0.29792,0.44941,1.806,1.1639,0.031497,0.56225,1.9196,0.86657,1.08,0.062835,1.0997,1.6171,0.74558,1.8295,1.2095,0.74835
0.08073,0.95489,1.9218,0.23479,0.49842,1.3366,0.7423,1.3758,0.41044,1.7552,0.33485,0.84257,1.2105,0.10963,1.9354,1.3016,5.2055,9.1525,4.3891,2.4628,0.36058,1.2147,0.9439,1.7926,1.622,1.8983,1.1564,5.462,9.0466,5.8222,1.8494,0.94652,1.3807,1.2648,0.40414,1.7696,1.2741,0.17039,0.82025,1.4878,1.8572,0.46459,0.76187,1.3246,1.5439,1.1325,0.48038,0.17754,1.5854,0.71821
0.69166,1.6681,1.9358,0.19078,0.58867,0.76018,0.81846,0.52489,0.94115,0.81266,1.153,1.0224,0.45935,1.9844,0.39499,0.40162,1.4761,4.9214,9.2993,5.4288,1.2221,0.71544,0.15906,1.024,1.6978,1.8649,2.5414,5.6663,9.3081,4.8319,2.5472,1.7963,1.4521,1.3806,1.3254,1.8937,0.28887,1.55,1.7144,0.43184,0.99228,0.39879,1.9969,1.5503,0.63938,1.5642,1.3376,0.74425,0.041849,1.4349
1.6603,0.11572,1.7096,0.54496,1.0658,1.0781,1.6673,1.2528,1.3824,0.2783,1.3826,0.79185,1.3801,0.59123,1.5708,1.5286,2.1528,4.7684,10.71,5.1144,1.3725,0.89256,1.3641,1.9234,1.6895,0.10741,2.1143,5.4155,10.761,4.596,2.7059,0.28733,0.88207,1.6052,0.65889,0.37433,0.46775,1.4231,1.9656,0.10192,0.98352,0.51426,1.0592,1.2959,1.3786,0.97561,0.073358,0.10502,1.9775,1.3958
1.6438,0.64092,1.7834,0.099882,0.32709,1.8746,1.2375,0.5725,0.89262,1.5935,1.2152,0.29743,1.034,0.48018,1.6765,0.59444,0.73676,1.4819,5.8614,9.7621,5.755,2.5925,1.0506,1.2157,0.47001,1.8291,0.18813,1.3163,4.2379,9.5147,5.8915,1.4915,0.65727,0.75157,0.5609,1.2418,1.5704,0.041923,1.6323,0.56366,1.9844,0.18794,1.7729,1.9695,0.72968,0.88313,0.77117,1.6447,0.17375,1.5899
0.65541,0.77163,0.67773,0.33059,0.038325,1.7879,0.34174,0.26163,0.83493,0.26582,1.8929,1.7692,0.3927,0.77174,1.5435,0.99467,0.54323,2.5209,5.5591,9.6947,5.2303,2.6275,1.0317,1.3322,1.0166,1.0075,2.4569,5.9536,10.72,5.6638,1.2365,0.26293,1.0942,0.095748,0.82301,1.7251,1.7419,0.41948,0.37889,0.26706,0.78973,0.53918,1.6311,1.9101,0.14652,0.67589,1.5661,1.6101,1.801,1.1699
1.8333,1.4536,1.7497,1.9386,0.0025055,0.44946,0.18017,1.5197,0.46057,0.9764,1.5148,0.70931,1.678,0.52223,0.77298,1.2603,1.971,2.9301,4.3166,9.1708,5.5155,1.606,1.8808,1.8429,1.3387,0.38308,0.84022,2.1196,5.731,10.389,4.3754,2.4062,1.7168,0.206,1.7071,0.61763,1.1077,1.3548,0.079463,0.91373,1.8945,0.3929,0.64938,1.5015,1.8358,0.10956,0.68696,1.6861,0.47619,0.91008
1.2585,1.9345,0.53858,0.35526,1.0011,0.17527,0.48956,1.2823,1.7208,1.5174,0.41655,1.1647,0.19493,0.44939,1.8966,0.84848,1.2958,1.1899,5.4583,9.4243,5.0898,1.4937,0.26345,0.89738,0.18148,1.2377,1.3417,0.9443,1.7909,1.0124,4.2182,9.6601,5.8288,2.081,0.60906,0.34397,1.7956,0.90626,1.2118,0.44593,0.1828,0.835,0.53233,0.19359,0.20552,1.3847,1.132,1.3241,1.6185,0.37775
0.14365,1.9405,1.5798,0.9216,1.835,0.4309,0.17983,1.0322,1.88,1.9134,1.226,1.1767,0.54182,0.73629,1.0807,0.38722,1.7821,5.5596,9.387,4.1771,1.3932,0.77867,1.3016,1.2666,1.086,1.7506,2.6134,4.7906,9.0234,5.2743,1.9089,0.20695,1.252,1.6987,1.5194,1.4483,1.8967,0.98643,1.4611,1.1065,0.76549,0.035956,0.55562,0.93814,1.4969,0.035443,0.63652,1.9221,1.2302,0.33126
1.3574,1.253,1.1183,1.4467,1.8917,1.3617,0.35415,1.3939,0.63272,1.8847,1.4097,1.2594,0.89099,0.34861,1.0941,0.13664,0.23174,1.3773,4.9164,10.519,5.5213,1.3286,1.6944,0.42303,0.59598,0.83976,2.7796,4.1687,10.592,5.63,1.4043,0.44263,1.0344,1.0649,1.0944,1.1722,0.5986,0.70536,0.096449,0.1423,1.461,0.38391,1.5089,0.2083,1.5686,0.84284,1.9862,1.1957,0.55842,1.7549
0.71878,1.7032,0.12431,0.98375,0.68669,0.86544,0.3665,0.88511,1.9412,0.64409,1.7076,1.2094,1.1477,1.5362,0.59365,0.21728,0.61675,0.018973,2.7108,4.1392,9.3445,5.5024,1.6918,1.1207,0.76369,1.8609,2.3364,4.5527,9.3643,5.3226,1.5666,1.7003,1.075,1.8172,1.5556,0.91254,0.99899,1.2238,1.5844,0.19499,1.4924,0.53085,1.9579,0.74431,0.70627,1.7628,0.054648,1.7568,1.3018,0.85591
0.307,0.57755,1.2177,1.123,1.0847,0.97056,0.59222,0.35206,1.7764,1.848,0.98295,1.4171,0.21469,1.1674,1.4982,0.87686,0.082802,1.8202,4.2635,10.172,5.7231,1.1211,0.1363,0.20722,1.0678,1.0607,1.6579,0.73395,1.0646,4.6699,9.6803,5.5762,1.322,0.17931,1.5741,0.90765,0.78734,0.91374,0.79056,0.64864,0.34681,1.1932,1.2849,0.13955,0.042314,0.002961,0.54508,0.10486,1.7738,0.82414
0.099251,0.75482,1.5179,1.5109,0.69911,1.4407,1.2567,1.9075,1.6441,1.2535,1.7248,1.4429,0.2209,0.62985,0.23648,0.7775,0.76048,1.2827,5.2277,9.5656,5.663,1.1827,0.022961,0.58466,0.85305,1.6888,1.936,2.5943,4.3263,10.918,5.2208,1.3713,0.27646,1.7279,1.8876,0.23662,1.8981,0.58976,0.11957,1.2576,0.72392,0.23298,1.7045,1.8235,0.032845,1.0014,1.0047,0.046381,0.76173,1.0008
1.6279,0.46067,1.9145,1.9362,1.0063,0.63467,1.5274,0.042923,1.2892,1.2893,1.3664,0.82499,0.031952,1.8086,0.33067,0.50376,1.4474,1.0655,2.2768,5.0433,10.498,5.8798,1.0136,1.088,0.46407,1.521,1.4991,0.02365,2.0964,5.0707,10.313,4.7897,2.1909,1.7149,0.22527,0.0011149,1.8792,1.6755,1.2415,1.5035,1.3227,0.30749,1.7105,1.1998,0.67799,1.5096,0.73935,0.41045,1.7372,1.1096
1.7749,1.9677,0.13853,0.78235,0.17918,1.6729,1.0255,1.1456,1.67,1.2225,0.24395,0.37118,0.85083,1.7961,1.9829,1.284,1.5539,1.1155,2.5041,5.9485,10.442,5.1673,1.5849,0.36174,0.056838,1.2979,1.1623,0.45938,2.5368,5.1333,10.959,4.5193,2.2139,1.7658,1.7332,1.8085,1.4671,0.69545,0.33038,0.89209,1.2555,0.84189,1.1177,1.9626,1.4409,1.351,0.44388,1.1555,1.8258,0.85238
0.024054,0.014558,0.43474,1.3036,0.55431,1.639,1.3695,1.9907,0.094771,0.095781,1.8768,0.047803,0.60097,0.86957,0.13468,1.2947,0.20096,1.3869,1.5133,5.3684,10.046,5.716,1.4353,0.55215,0.052056,1.8586,1.9049,2.3741,5.559,9.2317,4.8474,2.1975,1.2886,0.14872,1.6994,0.31763,0.70055,1.9403,0.65865,0.46287,1.4495,0.088205,0.50618,1.8255,1.8028,0.3622,0.77277,1.5425,1.8222,1.5874
0.49953,1.3869,1.4951,0.10377,0.75695,0.60623,0.61653,0.33555,1.1827,1.3536,0.013819,0.81169,0.54397,0.14127,1.5168,1.2443,1.8398,1.7527,2.0973,4.803,10.824,4.7606,1.6038,0.46519,0.5486,1.3972,0.42966,0.073362,0.69814,2.0178,5.6707,10.336,4.1272,1.6843,0.59026,1.6922,0.6772,0.80495,0.53989,1.1355,1.3452,0.95542,0.75326,1.0007,0.94731,1.992,1.6085,1.7442,1.761,0.83641
0.10686,0.75846,1.342,1.786,1.5692,1.6281,0.58443,1.0105,1.9848,1.9319,0.32504,1.7319,1.3115,1.2899,0.86528,0.060479,1.3743,0.039269,2.8761,4.2095,9.5618,4.7207,2.1908,1.0976,1.389,0.45662,0.41198,1.5727,1.4165,1.6299,1.3789,4.1529,9.1269,4.4564,1.4667,0.95338,1.5779,1.0488,1.0822,0.42577,0.085789,1.9023,1.0901,0.094691,0.11148,1.7829,1.5693,0.16172,0.43193,0.43859
0.7036,1.4278,1.1339,1.7766,0.29184,0.052361,0.76724,0.81874,0.51287,1.8482,1.2628,1.7497,1.5322,1.6766,0.28301,0.49759,0.22896,1.3732,2.9001,4.8298,9.2215,4.5842,2.1274,1.1141,0.66,1.4068,1.9707,1.322,1.6612,5.2645,9.7825,4.7854,2.2077,1.6888,0.95442,0.63211,1.5888,1.0207,1.7075,0.54367,0.59953,1.7831,0.089637,1.3882,0.81554,1.392,1.3108,1.7001,0.028413,1.302
0.74757,0.25539,0.29635,1.9842,0.78553,1.6747,0.61416,1.8764,0.21236,0.83251,0.41193,1.6124,1.8211,1.8075,0.10014,1.4262,1.5177,1.9729,1.211,2.0954,4.7089,9.1712,4.436,2.241,1.501,0.47606,1.0329,1.5102,1.2321,1.2602,5.1242,9.4631,4.8165,1.2682,0.38212,0.25335,0.70319,1.1452,0.86442,0.35181,0.97475,1.8223,0.66938,0.14807,0.67151,0.20401,0.71485,1.8609,0.18403,1.8616
1.4003,0.15512,1.939,0.76764,1.8565,0.97855,0.8248,0.98315,0.48564,0.64394,1.3633,1.0928,0.95802,1.2402,1.9317,1.467,1.4938,1.9715,2.6211,4.4627,9.2356,5.2912,1.7812,0.0013138,1.5913,1.0807,0.47638,1.0353,1.9178,5.0665,10.914,5.8923,1.8776,1.7626,1.828,1.3449,0.66848,1.7868,1.156,1.5512,0.68785,0.43012,1.6052,1.0647,0.60821,1.7434,0.67803,1.0752,1.4387,0.4003
0.88293,1.1364,1.9846,0.68649,0.4978,0.20535,0.9014,1.4054,0.64569,0.24825,1.1007,1.3794,1.748,0.84999,0.45672,1.7769,1.6354,0.91216,0.63021,1.0121,5.2119,10.866,4.6762,1.3756,0.10748,0.75452,0.77245,1.9807,0.43824,1.9022,1.0884,4.7188,9.1588,4.3873,1.6317,1.8302,0.81092,0.7498,0.27296,0.16373,0.15112,1.2505,0.98713,1.2626,0.59297,1.8167,0.1054,0.10531,0.61676,1.5879
1.7581,1.7905,0.60684,1.4163,1.4638,1.1578,0.46251,0.72736,1.1162,1.4967,1.5659,1.3579,0.16615,0.011793,0.77419,1.0778,1.1997,0.69602,0.54427,1.0823,1.7198,5.0888,10.492,4.9525,1.0184,1.2658,0.42566,0.35587,0.86412,0.15599,1.1291,4.5815,9.8153,5.6932,1.2175,0.68488,1.1191,1.936,1.1631,1.0975,0.67241,0.029908,0.5176,1.6934,1.9428,1.8122,1.7257,1.7736,0.42615,0.78177
0.40687,1.2219,0.10755,1.2297,0.61343,0.30372,1.8366,0.69946,0.59265,0.63532,0.54174,1.6248,1.3483,1.9402,0.296,0.38314,1.1357,1.9658,0.85749,2.7598,5.1503,10.34,4.738,1.0363,1.4562,1.9752,0.59679,0.87405,2.2787,4.8735,10.817,4.1919,1.2258,0.41596,0.87856,0.4082,1.4029,0.70657,1.3424,1.4641,0.2449,1.5679,0.56936,1.2474,1.1506,1.1343,0.1477,0.3197,0.23428,1.0037
0.21211,1.6122,1.9226,1.7001,0.94573,1.8391,1.6417,1.8729,1.4174,0.05906,0.49894,0.2612,1.4798,1.0614,1.1625,1.545,1.6494,0.97174,1.4945,1.7568,5.2387,10.85,4.8464,1.9498,1.3288,1.5539,1.3761,1.2612,1.6623,2.5633,5.3879,10.29,5.9942,2.3411,1.0758,1.1493,1.6537,0.36789,1.6739,1.3065,0.28548,0.01694,1.6338,0.15145,0.47475,0.81648,1.3692,1.5915,0.72661,1.8267
0.47055,0.068025,0.85709,1.8862,1.3169,1.4539,1.9032,1.449,0.87164,1.4594,1.8709,0.33943,0.76997,0.6815,0.8656,1.2367,1.9316,0.63019,0.92997,1.653,2.4417,5.1493,10.143,4.1532,2.1707,1.4338,1.2452,1.3472,1.4175,0.32728,2.7086,4.9922,10.412,4.4329,1.0984,1.0845,0.93435,1.1301,1.2688,1.3061,0.75286,1.5223,1.1827,0.5995,1.8233,0.20128,1.1472,0.61459,0.66563,0.81098
1.221,1.2371,0.4313,1.9683,1.3674,0.29154,1.6589,1.6579,1.6924,1.3655,0.29991,1.4034,1.3179,1.1838,0.20608,1.877,0.095903,0.76277,1.9675,1.3055,5.1145,10.826,5.1762,1.5014,1.8381,1.6852,0.2071,1.835,0.35954,2.3857,5.5447,9.5329,4.9309,1.1295,1.1029,0.75474,0.36201,1.3867,0.42363,1.3773,1.5173,0.66243,0.78773,1.7665,0.075523,1.0878,0.8619,1.305,1.2176,1.2794
1.1916,0.72275,0.62371,1.8052,0.87459,0.41553,0.47148,0.9768,0.49816,1.029,0.4464,0.70303,0.038895,1.7826,0.010273,0.98378,0.32373,0.036021,1.6973,1.2006,1.899,5.8551,9.0575,5.1624,1.3347,0.52383,0.5721,1.8152,1.1598,1.8694,5.9161,10.466,4.241,1.8583,1.1829,0.17236,1.9474,1.0392,1.8134,0.22158,1.7291,0.2091,0.22182,1.4669,1.1141,0.88037,0.97238,1.7486,0.021823,0.80126
1.07,0.28093,1.869,0.062825,0.046973,0.98413,1.2054,1.1353,1.6421,1.6159,1.139,1.2595,1.1966,0.90693,0.78874,0.70859,1.6612,1.0073,0.64372,1.6767,1.6911,4.5754,9.1823,4.302,2.9439,0.92257,1.2027,0.12764,1.5558,1.6398,0.7653,2.8986,5.5015,9.6062,4.5505,1.8386,0.5054,1.4156,0.81029,0.7157,1.7132,1.8176,1.993,1.1813,1.3489,1.2611,1.3571,0.29076,0.17707,0.35929
1.304,0.25675,1.9457,0.17365,0.82151,0.58391,1.0812,1.4584,1.6513,1.7907,1.3376,1.6596,0.66886,1.3884,1.762,1.6285,0.020908,0.25398,0.35719,0.64459,1.1205,5.8814,10.002,4.8204,1.4392,0.72584,1.737,1.2745,1.5181,1.1088,1.8421,5.9314,10.931,5.1711,1.8369,1.2826,0.93212,1.8113,1.7773,1.2019,0.26607,1.5444,0.010601,1.2558,1.8651,0.42899,0.40642,1.7387,1.11,1.7327
1.5174,0.072027,0.17892,0.72068,1.6807,1.3252,1.5588,1.3342,0.51018,1.9849,0.57157,0.51538,0.22811,1.8298,0.58591,0.64247,1.3153,0.61035,1.7104,0.81191,1.8881,5.6291,10.837,5.7861,1.0765,1.234,1.6314,0.96218,0.50125,2.5763,4.5216,10.657,5.7335,1.4916,0.99827,0.25198,0.070658,1.7538,1.1501,0.69582,1.7265,0.24861,0.50305,1.5196,1.977,1.2796,0.73656,1.7246,1.9363,1.7784
0.61174,0.80373,1.9313,0.21925,1.8327,0.20356,1.7541,0.49839,1.4673,0.80905,1.0486,1.7336,1.3359,0.22285,1.375,1.9524,1.7061,0.51212,1.7208,0.82909,0.44176,2.0504,4.4952,10.709,4.4579,1.6189,0.74984,0.57502,0.68753,0.5358,1.995,4.3798,10.76,5.4801,2.2263,1.3671,0.26725,0.53523,0.033419,1.6241,1.1886,1.9194,1.3407,0.49472,0.34478,1.9368,1.5198,1.495,1.5289,1.0182
0.58838,1.9464,1.225,0.79886,1.1599,1.5398,0.73561,0.60021,1.3277,0.47624,0.44066,1.9022,1.0861,0.44687,1.4763,0.75667,0.73902,0.0045836,0.21001,1.1562,1.4495,2.6392,5.3059,10.086,5.4155,2.2653,0.96594,1.4431,1.4615,1.0586,0.019144,1.5689,1.3473,4.446,10.677,5.6628,1.1618,1.8409,1.0808,0.23446,1.1805,0.6798,1.2424,0.44199,0.0059614,1.3944,0.21,1.335,0.69711,0.45668
1.037,1.7802,1.6025,1.4757,1.6833,0.58918,1.6335,0.96039,1.5719,0.27397,1.1312,0.91103,0.35478,0.97637,1.8072,0.18549,1.4435,1.5454,1.5211,0.25726,1.4858,2.3932,4.1304,9.9209,4.7052,2.5581,1.5556,1.0098,0.57457,1.2984,1.7575,1.9194,4.5755,9.0008,5.7928,2.71,1.5696,0.37873,1.7053,0.83187,1.836,1.2166,0.84397,0.563,0.24641,1.7683,1.2783,1.8634,1.836,1.8549
1.4406,1.1999,1.8774,1.7464,0.71335,0.32259,1.4204,1.9153,1.5076,0.86599,0.72958,0.65239,0.79186,1.5966,1.4417,0.042073,0.77416,1.3236,0.27822,0.20834,0.52195,2.749,4.0327,9.2988,5.419,2.7761,0.43798,1.3546,0.88779,0.36188,0.65982,0.25074,2.7026,4.0059,9.9734,5.2021,1.3601,0.47666,0.44516,1.5896,0.11188,1.1512,1.2605,1.555,0.32857,1.8537,1.5111,0.78607,1.8941,0.40146
1.8228,0.79449,0.15618,0.65193,1.7029,0.51285,1.3932,1.2928,1.9947,1.6805,0.98023,0.31555,0.98433,0.88215,1.2877,1.0585,1.862,0.79593,1.2141,0.28719,0.0078581,2.1354,5.0402,9.9778,5.1774,2.3577,0.31035,1.6048,1.6797,0.39619,0.38802,1.7662,4.9251,10.851,4.5015,2.6063,0.65199,1.0769,1.274,1.7534,1.4094,1.972,0.078689,0.83622,1.1433,1.8905,1.2924,0.88814,0.66463,1.3432
0.64762,0.037501,1.9005,1.8084,1.7821,1.9412,0.47348,1.3612,1.5408,1.3672,0.87871,1.6202,0.87577,0.33915,1.3548,0.1938,0.94423,1.0021,1.5854,0.87951,1.5714,1.3569,2.3047,5.1382,9.2175,4.4288,1.4938,1.3667,1.9673,0.31129,0.56419,0.13485,1.9943,0.079385,1.3041,5.4503,9.5909,4.2675,2.425,0.70642,0.99596,1.9731,0.89192,0.21672,1.1348,1.0358,1.3368,0.43478,0.50522,0.94064
0.45006,1.5445,0.48423,1.2966,1.2564,0.40821,0.27124,1.8849,1.7625,0.60746,1.8687,1.6126,1.2707,1.7662,1.4638,1.8297,1.049,1.2251,0.42358,0.94369,1.974,1.0576,4.7883,9.6829,5.2936,1.3935,1.9543,0.23099,1.2291,1.9717,1.9001,2.821,4.5622,10.074,5.2449,2.4024,0.20665,0.45461,0.66746,1.6301,0.73162,0.91878,0.65639,0.82858,1.5153,0.35636,1.1846,1.5938,0.89738,1.685
0.23224,1.3894,0.43444,0.83488,0.79835,1.8106,0.59035,1.996,0.70111,0.74431,1.8899,1.3758,0.30546,0.057492,1.7973,1.4471,0.070956,0.26614,0.064102,1.3734,1.217,1.5188,1.7613,4.8358,10.462,4.8212,2.0815,1.9153,0.3531,0.50113,1.2828,1.9508,1.7164,4.3832,10.717,5.8767,2.8846,0.51306,0.10157,0.24633,1.9964,0.75244,1.595,1.8245,0.22099,1.6439,1.4806,1.7401,1.4804,0.050912
0.64833,0.080287,0.21898,1.6592,0.50196,0.32266,0.25344,0.83559,1.6197,0.35611,1.6978,0.44758,1.8586,0.71761,1.8675,0.91603,0.44344,0.56671,1.6069,0.71867,0.71884,0.35084,1.7392,4.3535,10.727,5.534,2.3293,0.67111,0.12819,0.74525,0.55818,1.3962,2.48,4.3273,10.781,4.3777,1.413,0.63478,0.91868,0.69605,1.91,0.06359,1.7112,1.1278,1.4708,0.097818,0.92816,1.4525,0.1943,0.90277
0.081271,1.4683,1.0781,1.979,1.9926,0.9426,0.76993,1.5315,1.9406,0.71752,0.20301,0.66704,1.7403,1.7285,0.88216,0.54177,1.6163,1.6748,0.078614,0.61895,1.9287,1.1198,2.5063,5.6696,9.0453,5.5734,2.3462,0.63658,1.3714,0.95864,0.61446,0.49192,1.0932,1.3945,1.3142,5.8083,9.8623,4.266,2.7312,0.92118,1.0266,1.4382,1.8467,1.5891,1.0663,0.25831,0.28716,0.25812,1.5638,0.8378
0.65954,1.6227,0.507,0.758,1.2745,1.8747,1.9292,0.89432,0.47414,0.51152,1.6501,0.10044,0.53118,1.4704,0.70225,1.6627,0.22139,1.7319,1.482,0.082313,1.7464,1.0643,1.2238,2.3516,4.3024,10.199,5.2273,2.3367,0.45987,0.60884,0.88567,1.3509,1.1429,2.3374,5.1935,10.847,4.1009,1.328,1.5517,0.91074,1.3406,0.50376,0.59189,0.6165,0.92814,1.8638,0.63743,0.18915,0.54136,0.093855
0.21733,0.12956,1.6709,0.97079,1.5088,0.2715,0.4532,1.3481,0.84533,0.76825,0.57515,0.33228,1.0181,1.312,1.8617,0.11478,0.88132,0.10952,0.67864,1.895,0.87027,0.60802,0.4783,1.3709,5.0504,9.3201,4.1333,1.2936,1.329,1.4229,1.7832,0.17981,0.14771,2.5688,5.6696,10.45,5.3516,1.5424,0.68404,0.77223,0.0037809,0.81353,1.8052,0.19162,1.1889,0.56181,1.6957,0.18734,0.25723,1.8519
1.17,0.97322,0.19701,1.2335,1.7596,1.5705,0.56494,0.18902,1.9929,0.39242,1.0546,0.78447,0.98089,0.99223,1.9079,1.1107,1.353,0.98637,0.83218,0.14923,0.30655,1.4001,2.8505,5.2223,9.4531,4.3752,1.9218,0.55601,1.6884,0.94175,0.65067,1.9367,1.1665,5.0441,10.62,4.7482,1.2213,0.69046,1.4964,0.12449,0.98591,1.6515,0.19053,0.15848,1.9664,1.8882,1.3156,0.3903,1.8983,1.9265
1.7722,1.9871,1.5864,0.81587,0.92641,1.3284,1.4514,1.371,1.2235,0.89524,0.20595,1.7863,0.083068,0.19689,0.13728,1.1896,0.92077,1.6603,0.38759,1.8994,1.3027,1.9041,0.76377,2.4103,5.6833,10.718,4.702,2.3188,1.4701,1.2534,0.74908,1.3296,0.39503,2.5916,5.5953,10.404,4.868,1.406,1.2496,0.84147,1.0625,1.1339,0.78998,1.1185,0.73036,1.3687,0.77792,0.88494,1.6374,0.47321
1.7971,0.77939,1.1227,1.249,0.54902,1.4623,0.29041,0.56916,0.03699,0.16519,0.90292,1.3269,0.80932,0.52582,0.68353,0.61401,0.040842,1.837,1.8941,0.46492,0.32102,1.0896,0.74691,1.0566,4.8601,10.031,5.2104,2.0845,1.799,0.41656,1.551,0.22638,1.7936,2.1561,5.7568,9.3667,5.6695,1.143,1.4562,1.9823,0.61175,1.1523,1.356,0.71826,0.55091,1.3483,1.834,0.63707,0.25301,0.74466
1.0708,1.4034,0.0012484,1.2138,0.94807,0.35155,1.6908,0.46879,1.9164,0.52264,0.60383,0.65837,0.75693,0.92823,0.027527,0.73193,1.3809,1.6025,0.27111,0.17094,0.63907,0.51817,0.65955,2.0417,4.5988,9.938,5.2243,1.5682,0.48847,0.78322,1.3149,0.16553,2.347,5.0306,9.8029,5.8801,1.1936,1.747,1.3402,1.6171,1.7197,0.60834,0.30684,1.6106,0.65591,0.7534,1.0552,1.2884,1.4622,1.319
1.5103,0.42957,1.0663,1.6106,0.059853,0.73697,1.5302,0.51849,0.10966,0.94519,1.2321,1.6492,0.33378,1.0237,0.79222,1.9874,0.45441,1.9576,0.93875,1.457,0.29768,0.042175,1.8076,0.51824,2.1543,4.0106,9.6084,5.9524,2.7672,0.34215,0.012021,0.071711,1.2147,1.7778,5.6758,9.4552,5.5688,1.3037,0.97035,1.0993,0.13242,0.57905,0.13052,0.093022,1.7756,1.7362,0.31781,1.4826,0.47822,0.61168
0.83344,0.9989,0.4244,1.1817,0.45709,1.4164,1.6213,1.9388,1.9371,0.86552,0.71723,0.48436,1.699,1.193,1.2102,1.2344,0.43539,1.143,1.7027,1.508,0.32235,1.5148,0.93223,1.0164,1.6895,5.5152,10.678,5.1492,1.0913,1.1611,0.17514,1.1439,0.1033,1.1604,2.2521,5.2029,9.8045,5.5886,2.148,1.6135,1.0688,0.54281,0.21275,1.2558,1.5515,1.1171,1.386,0.66559,0.22326,1.8629
0.048255,0.11126,1.1732,0.5457,1.0807,0.82641,1.7992,1.5716,0.83209,0.040896,1.2225,1.8147,1.3055,0.94123,0.29221,1.6334,0.16019,0.12751,0.49365,1.7903,0.50419,0.015735,1.0164,2.9465,5.714,10.027,4.3457,2.4544,0.98579,0.55353,0.49951,1.6792,1.0157,1.9859,4.414,9.0533,5.2911,2.8927,1.6008,0.91125,0.012618,1.4189,0.19292,0.67794,0.46335,0.60675,1.5668,1.6343,0.46158,0.37583
0.40034,0.070977,0.92417,0.92911,0.79912,0.49132,1.7722,1.4122,1.702,0.31696,1.7063,0.58296,1.0375,0.82735,0.81244,1.2017,1.0811,0.17287,0.86279,1.2059,0.96503,0.53099,1.5895,1.6365,1.5731,4.8838,9.011,5.7586,2.1609,0.18409,0.52323,1.5367,0.60191,1.1179,1.7528,5.5616,10.221,4.7029,1.8992,1.1744,1.324,0.48077,0.79178,0.012581,1.3012,1.6985,1.6929,0.50591,1.6349,1.4248
0.45319,0.97861,1.3772,0.86487,1.5109,1.7645,0.031235,1.9646,1.775,1.3232,1.7078,1.2464,1.442,1.0264,0.15106,0.10845,1.1883,1.9536,1.9884,0.9634,0.85618,1.1001,0.2702,1.7175,1.8819,5.9489,9.434,5.3242,2.8979,0.52127,0.22492,1.9992,0.48108,2.7092,5.4175,9.5981,4.0289,1.1178,0.55203,1.9976,1.0777,1.12,1.9703,1.8413,0.06372,1.5691,0.91458,1.2274,0.39398,0.20761
1.1163,0.58969,0.4907,0.71847,1.6639,1.3895,1.1117,1.3824,0.96352,1.17,1.093,1.6135,0.16249,0.3136,1.2314,0.119,0.1488,0.89742,1.8553,0.6415,1.7899,0.27707,0.40999,1.7932,2.5328,4.7007,10.07,5.0436,2.2633,1.6744,0.98957,1.2102,1.552,1.3829,0.057513,0.70866,2.1707,5.8428,10.452,5.4673,1.8912,0.65206,1.1379,0.38221,1.9502,1.9413,0.17792,1.7131,1.7566,0.62464
0.15428,0.12964,1.8749,1.8231,1.12,1.3601,1.5572,0.40878,0.18049,0.36239,1.2777,0.063973,1.8554,0.48472,0.66487,0.86861,0.36441,1.7883,0.086044,0.92647,0.57514,0.89209,0.38035,0.59901,1.766,4.3954,9.6849,4.5095,1.9451,1.5059,0.94246,0.73447,1.785,0.090658,1.5662,4.3017,9.8428,5.5543,1.7942,0.93343,1.5683,0.55634,0.56455,1.1918,0.22958,1.9565,0.27125,0.35813,1.5207,1.5797
0.83966,1.4003,1.3742,0.6939,1.1314,0.061955,0.15855,1.0275,0.98273,0.69855,0.6319,1.7586,0.068041,0.39132,0.17026,1.3743,0.82522,1.8224,1.0954,0.91493,0.6002,0.28369,0.0037822,1.7601,1.4776,4.9572,9.3315,5.3474,1.2432,0.72906,1.0722,0.03382,0.10614,1.8021,2.2447,4.893,9.0707,4.4984,1.7777,1.2328,0.32113,0.53077,1.3372,1.6069,0.28478,1.2065,1.1426,1.0091,1.7506,0.28894
1.1553,0.63124,1.8611,1.0761,1.1969,1.2934,0.48425,0.94346,1.2545,1.2543,0.15577,1.9771,0.453,1.4,1.5023,1.3467,0.33555,1.9228,0.0029882,1.1792,1.1296,1.7513,1.7156,0.51043,1.7878,5.7778,10.224,5.7182,1.5594,1.1993,1.8685,0.47089,1.1133,0.50851,0.20656,2.6978,5.3185,10.063,5.2119,1.2582,0.30914,1.0049,1.2387,0.45403,1.4383,0.029855,1.2471,1.423,0.053917,0.62923
1.6821,1.5659,0.83586,0.41157,1.1319,0.11253,0.91085,0.93857,1.2104,1.0239,0.02341,1.2986,0.99969,1.0951,1.4935,0.71843,1.7648,1.5561,1.4495,1.4691,1.535,1.1002,0.020019,0.3843,1.3917,5.1197,9.5697,4.9451,2.5384,0.68546,0.12418,1.3585,0.3027,1.1114,1.7397,5.8043,10.557,4.1472,1.0372,1.7935,1.6247,1.1358,1.8309,1.7247,0.6558,0.51387,1.3943,0.46164,0.47469,1.5327
1.3487,0.36148,1.6279,0.99607,0.9555,1.4758,0.93039,1.8964,1.1589,1.6834,1.2745,0.75734,0.28457,0.20278,0.46288,0.98264,1.8209,1.8962,1.2375,1.9986,1.8129,1.1691,0.017369,0.37324,0.8814,1.4982,4.6046,10.825,5.5016,1.873,0.16862,0.85802,1.9787,1.2265,1.0023,0.84743,1.353,5.7032,10.382,4.3331,2.9558,0.25222,0.4148,1.7888,1.3558,0.6201,0.83146,1.6158,0.82024,0.59921
1.6223,0.048726,0.8801,0.32686,0.68163,1.969,1.7783,1.187,1.3453,0.20455,0.96227,1.4625,0.50431,0.69504,0.62922,0.34608,0.86134,1.3582,0.74467,1.6558,0.73214,1.0616,1.681,1.7222,1.2368,0.52993,2.0014,4.125,9.0362,4.5164,2.604,0.33256,1.0524,1.6403,0.6473,1.5437,5.8402,10.503,4.928,1.4448,0.57028,0.097737,0.10198,0.51863,0.20347,0.45458,0.27747,1.1578,0.82309,1.2749
0.15171,1.5529,1.525,1.0445,1.6234,1.4053,0.53886,0.32075,0.78157,1.9228,0.092783,1.8399,1.8163,1.7676,0.3237,0.22387,0.26151,1.4283,0.58832,0.55907,0.61185,1.7192,1.5401,0.8892,0.46371,1.1268,2.0574,4.9751,10.697,4.8641,2.0187,1.0855,1.073,1.097,2.791,5.4101,9.6529,4.3528,2.5382,1.2567,1.3146,1.6263,1.4061,1.6058,1.1197,1.4451,0.62019,1.9569,0.47515,1.4536
1.1421,0.82584,0.017529,1.4292,1.5962,1.4899,0.24971,1.9323,0.079908,0.30801,1.101,0.99074,1.0754,0.23127,0.084616,1.1486,1.0139,0.27519,0.11028,1.6636,1.2077,1.0144,1.7143,0.77321,1.7429,2.5863,4.0283,10.83,5.8047,1.0712,0.77959,1.1772,1.425,0.052542,1.404,2.3573,4.5644,10.652,4.6699,1.9885,1.6135,0.40289,0.31945,0.68856,0.24554,1.2983,1.4247,1.7767,1.7519,1.4211
0.21181,0.96124,1.9901,0.59455,0.56449,1.1589,0.4728,1.2096,0.17695,1.4699,0.68562,0.36159,1.717,1.7394,1.1076,0.74305,1.5916,0.16555,1.4014,1.0564,0.97843,1.4725,1.8669,1.664,1.4628,0.042356,1.2362,4.9796,10.352,4.1575,1.2374,1.6232,1.6375,1.675,0.2411,1.5553,2.4041,4.0674,9.3242,4.9222,2.6401,1.4378,1.3421,0.28598,0.50181,1.8592,0.4249,1.5277,0.17817,1.33
1.431,0.49364,0.15012,1.1851,0.42441,1.8979,0.51396,1.5503,1.9828,1.9848,0.04042,0.94683,1.0465,1.43,1.3433,0.71489,1.1986,0.22445,1.7859,0.014889,0.48886,1.715,0.030146,0.41298,0.6399,1.4738,1.2783,4.9686,9.0812,4.6789,2.3105,0.94442,1.7482,1.9215,1.9901,0.79113,1.8777,1.0359,5.1694,9.2073,4.6103,2.37,0.13663,1.5647,1.1404,1.088,1.4676,1.7665,1.3317,0.68897
0.63523,0.74562,0.33921,1.6881,0.501,0.1898,0.15908,1.1688,0.52579,0.93952,1.2892,0.14283,1.6991,0.33538,1.9751,0.1908,1.3608,0.73843,1.452,1.514,1.7448,0.22856,0.37969,1.7956,1.6236,0.80228,2.5242,4.5483,9.9908,4.4169,1.5218,1.8369,1.2434,1.6623,1.8878,1.0502,5.6603,10.43,4.4932,1.1762,0.14842,0.32781,0.059495,1.762,0.017766,0.88369,0.77868,0.65234,0.49515,1.4948
1.3772,1.681,1.0284,1.8032,0.42691,1.8302,1.3402,1.3872,0.087302,0.92827,1.0992,1.8326,0.47681,1.7656,1.7974,1.97,0.93362,1.9308,1.171,1.7012,1.0627,0.86652,1.3882,0.91901,0.91771,1.4201,1.4139,4.1822,10.373,5.4864,2.0409,1.727,0.021213,0.80449,1.5748,1.9191,0.91001,2.8487,4.1968,10.815,5.2352,2.6935,1.6832,1.6606,0.93693,1.2805,0.042205,1.4463,0.22457,1.5572
1.7531,1.7609,1.5581,1.5594,1.1072,0.97987,1.0497,1.6566,1.4765,1.2208,0.8298,1.0236,0.23164,0.15451,0.2971,0.84633,1.4241,0.72478,1.9044,0.45018,1.4633,0.56954,1.9546,0.3269,1.3519,1.2822,2.007,5.3319,9.0737,4.9964,1.0681,1.0437,0.44454,1.0064,1.2435,0.94577,1.8112,5.1098,9.8196,4.7971,1.2723,0.95199,1.5079,0.76726,0.58809,0.44036,1.3017,0.92638,1.2058,1.3543
0.0064141,0.48419,0.71757,0.43732,1.0515,0.6663,1.3678,0.43809,0.70738,1.9194,1.6094,0.50914,1.2943,1.4061,0.17687,1.5311,0.5784,1.8608,0.7215,0.8996,0.80967,1.7371,1.1505,0.5375,0.57557,1.2956,0.46751,1.2511,4.5011,9.137,5.9253,2.0579,0.10523,1.3053,1.9014,1.7696,1.9775,1.6577,2.6464,4.0489,10.618,5.4181,1.1956,0.39424,0.51868,0.099005,1.2687,1.4799,1.9383,0.37015
0.85887,1.3936,0.58671,1.2669,0.60969,1.7167,0.98295,0.50009,1.5258,0.56391,0.31715,0.80913,0.21513,1.339,0.7052,1.4906,0.05705,0.19197,0.1825,1.7749,1.444,0.13391,1.1247,1.0414,1.461,1.9175,1.3243,1.2176,4.6329,9.7803,5.8647,2.3592,1.0289,1.3922,0.22218,1.735,0.55772,0.71361,1.328,4.9338,10.956,4.5942,1.417,1.0244,1.039,0.42091,1.4369,1.1225,1.4916,0.6101
0.67787,0.5369,0.30412,1.4253,1.6677,0.05254,0.56486,1.1872,1.5682,1.8664,1.5044,1.9183,0.57109,1.3762,1.7013,1.7323,0.99769,0.24386,0.97383,0.18508,1.4076,1.2228,1.8835,1.5447,1.4684,1.0313,2.2836,4.8858,9.3336,4.5177,2.0455,1.3634,1.7857,1.5594,1.7538,1.7228,1.5999,4.6136,9.4114,5.7166,2.8009,0.45379,0.1739,0.55562,1.0021,1.7284,1.6032,0.82315,0.22427,0.62796
1.5714,0.88158,1.8105,0.0065351,0.15916,0.42956,1.0482,0.33717,0.056578,0.51029,0.97476,1.3142,0.19683,1.9771,1.4065,1.6188,0.39062,0.97722,0.33117,0.99275,0.59473,0.68867,1.3727,0.77478,1.4159,0.025692,1.6993,2.1062,4.9193,10.51,5.2549,1.3781,1.1592,1.7569,1.5361,0.75783,0.86774,2.3477,4.1951,10.727,4.3655,2.8051,1.7315,0.20624,0.12912,0.22168,1.3617,0.12085,0.35131,1.9965
1.5422,0.1925,0.54561,1.2072,0.80181,0.96943,1.8496,1.3251,1.6068,1.5644,0.84065,1.5386,0.57258,0.12067,0.32619,1.0432,1.9276,1.845,0.51465,0.45728,0.16116,0.53935,0.66232,0.08885,0.41893,1.6572,1.7478,2.9251,5.8357,10.758,5.6912,1.9445,1.2561,0.46002,1.3701,0.75181,1.8796,4.1123,10.54,5.0109,2.8441,1.2401,0.049177,0.3795,0.96966,1.9299,0.55397,1.0008,0.647,1.5716
1.3169,0.5982,0.68377,1.8843,1.8,1.7975,1.5059,1.4628,1.8271,0.61612,1.3625,0.22909,1.8248,1.2432,0.39578,0.51234,1.5262,0.26967,0.0034883,0.22147,1.2383,1.1403,0.68011,1.9737,0.34232,1.2531,1.8937,2.143,4.098,10.738,5.7509,2.2339,0.28859,1.6007,1.4385,1.2311,0.95855,0.65362,2.9694,4.9758,9.2731,4.4645,1.5031,0.25909,1.6386,0.80733,1.3089,1.0314,0.17374,1.4009
0.78127,1.9281,0.0998,0.17421,1.7493,1.4466,0.9937,0.2839,1.9106,0.54239,1.9887,0.52799,1.0277,0.97353,1.8751,1.7661,1.2256,0.28876,1.5265,0.90049,0.93674,0.26436,1.8687,1.046,1.0675,1.2168,1.6171,0.15178,1.5639,4.425,9.1083,5.8519,2.4972,1.5064,1.2125,1.3265,0.37911,1.7666,1.8828,4.4736,9.0867,5.2,2.2312,0.48122,1.3193,0.36474,1.5296,1.0351,1.5303,1.6684
0.4759,0.83338,0.40925,0.45112,0.45042,1.7392,1.7847,0.84157,1.8736,0.29325,1.9662,1.6225,0.52966,0.60945,0.52477,1.6958,0.7726,0.66663,1.5276,0.063739,1.9057,0.26995,0.61499,1.6874,1.4177,1.412,0.15342,0.72494,2.6303,4.891,9.1425,4.3323,1.5613,1.9647,0.27105,0.58846,0.99476,0.82217,0.26126,2.941,5.3456,9.2686,4.9368,2.1264,0.3883,1.1257,0.58395,1.0126,1.0306,0.7313
0.24526,1.8444,1.0474,1.8432,0.46856,0.81395,1.8333,0.42632,1.7718,1.9666,1.9963,1.5174,0.68492,0.29201,0.081512,0.041557,1.8228,0.90998,0.031352,0.46739,0.67047,1.8701,0.077525,1.7837,0.0020256,1.0701,0.60002,0.038964,2.7862,4.0448,9.3908,5.7282,2.7376,0.22219,1.1355,0.20693,1.7545,1.0043,1.49,4.2921,9.2554,4.1074,2.4767,1.4565,1.9177,0.82473,1.637,0.84466,0.33453,1.6594
0.41885,1.2531,0.47458,0.40157,1.8661,0.18966,0.9101,0.56334,1.6722,0.12552,1.0398,0.84637,0.98283,1.911,1.2976,0.12008,1.0717,0.016784,0.2475,0.98282,1.3872,0.67127,1.1356,1.3712,0.38197,0.12228,0.21046,0.92781,2.5806,5.5531,10.083,4.5485,2.6042,1.4337,0.69266,0.04214,0.37849,0.71449,1.7327,1.2434,4.4385,9.412,4.3904,2.5132,1.9079,1.5768,0.15544,1.3099,1.1613,1.5334
1.2445,1.4047,1.1841,0.60693,1.301,0.058874,0.65262,1.3705,1.8215,1.4939,1.3293,1.3793,1.5837,1.921,0.77343,1.3786,1.4992,0.81668,0.16088,0.68842,0.9296,0.39524,1.3017,1.0357,1.472,1.1112,1.4058,1.9118,1.0453,4.8014,10.093,5.1479,1.9768,1.3334,1.3565,0.29718,0.012856,1.9777,0.13144,0.61872,2.3177,4.4591,10.097,4.2937,2.8138,0.15407,1.8178,1.4418,0.42731,1.2945
1.1847,1.1091,1.626,1.3586,0.56079,1.0281,0.67358,1.5255,1.1361,0.60617,1.621,1.3752,0.5136,1.7477,1.4091,0.52142,0.81574,0.36176,0.15615,1.1815,0.50682,0.14315,1.4774,0.88391,1.9911,0.1338,0.9054,1.9551,0.15846,2.2467,4.5237,9.2496,5.9471,1.356,0.67824,0.66536,0.43261,0.92979,0.12068,2.7593,4.6452,10.281,4.9182,1.2422,0.76214,0.054482,1.9953,1.3321,0.31124,0.061802
1.9331,0.76341,0.77286,0.43029,0.23551,1.0013,0.51314,0.70996,1.7621,1.3729,0.45452,0.36553,1.2373,1.5002,0.13844,0.041857,0.68227,1.7467,1.1825,0.46447,0.95426,1.8236,1.9127,0.76028,0.39426,1.504,0.69921,0.28595,1.8417,2.9471,4.4188,10.035,5.0543,1.7094,0.65665,0.06761,1.0857,1.8936,0.52004,1.5599,5.005,9.4394,5.9427,1.3327,1.2836,1.6837,0.8376,0.98726,1.1985,1.9991
1.0297,0.90754,1.5658,0.91561,1.4171,1.5748,0.46992,1.1954,0.42124,1.2892,1.3423,0.024464,1.992,0.75978,1.8621,1.1835,1.4938,1.0978,0.99226,1.7802,1.2237,1.9139,0.61211,0.063688,0.46578,0.070777,1.6107,0.54557,2.0283,4.758,10.472,4.1617,1.4351,0.77961,0.42896,1.4655,1.0581,0.20047,1.8939,5.2026,10.069,5.3381,1.6484,0.87687,1.6406,0.24136,0.53182,0.19224,0.58303,1.5536
1.8822,1.8146,1.43,1.034,1.1527,1.6328,0.71993,0.34409,1.5716,0.23708,1.0371,0.056681,0.027055,1.2357,0.50987,0.079195,1.6101,1.7226,0.98588,1.135,0.89753,0.71864,1.5182,0.43176,0.67038,1.9172,0.11455,1.9418,0.084933,2.3937,4.8122,9.7405,4.3932,2.1702,0.74357,0.8863,1.508,0.63913,1.3503,1.5387,4.9182,10.322,4.4052,1.5938,0.83392,1.9053,0.51993,1.62,0.96957,0.65492
0.4619,1.3579,1.9995,0.85255,0.2553,1.4605,0.56681,0.49658,0.83902,0.87126,0.48268,0.20296,0.91753,1.4208,1.345,0.20537,0.78799,0.10624,1.2964,1.6607,0.17224,0.19218,0.56265,0.17061,0.27806,0.74763,0.37655,1.5438,1.5813,1.9046,5.031,10.348,4.0354,1.3892,0.88216,0.80867,1.2891,0.78866,1.523,5.8272,10.037,4.6068,2.1346,1.0851,1.4356,1.2243,0.68023,0.79087,0.40152,0.085569
1.1182,0.2346,0.040598,0.98107,0.32979,1.542,1.9713,0.10522,1.262,0.56046,0.87672,1.6861,1.0418,0.11658,0.50484,0.72237,1.5502,1.0221,1.6815,0.33571,1.9457,1.7871,1.8038,1.5938,0.67304,1.9936,0.55909,1.2117,1.4562,0.88697,2.4212,4.0527,9.6887,4.3463,1.9341,0.18479,1.365,1.6771,1.3924,1.2108,1.1443,2.1337,4.9663,10.849,5.6646,1.527,1.5772,0.7442,0.19807,0.92395
0.168,0.73986,1.3183,0.3751,1.4439,0.66518,0.98424,0.333,1.9902,0.25981,1.2453,0.20706,1.7546,1.1301,1.8889,0.015867,1.0155,0.29159,0.0343,0.62797,0.39733,0.76729,1.3412,0.80361,1.1323,1.5175,1.5061,1.6848,0.1908,1.4875,5.9829,10.304,5.6706,2.8357,0.52938,1.659,1.4239,0.32051,1.1111,1.3245,4.7685,10.307,4.5848,1.5052,1.3388,1.393,1.273,0.62967,0.6128,1.1457
1.649,1.6953,1.0658,0.20964,0.055608,1.1755,1.3816,1.5884,0.28562,1.0882,1.3266,0.64138,0.30252,1.0901,0.65268,0.92934,0.78851,0.87731,1.6881,1.1531,0.1794,0.31626,0.5831,0.099588,0.92199,0.16671,0.81338,1.3572,1.579,1.3355,4.3119,10.785,4.5493,1.7091,1.7803,1.8543,0.95983,0.46634,0.086001,2.8402,5.7122,10.331,4.8103,2.1992,1.114,1.0528,1.4945,0.81981,0.4054,1.0544
0.35087,0.54963,1.9144,1.8816,0.53214,1.6111,0.30879,0.12488,0.73774,0.66215,1.3063,1.4598,0.37036,1.9479,1.8735,0.23351,0.76563,0.91052,1.5438,0.24334,1.0861,1.2838,0.64697,0.63298,1.7831,1.0255,0.63678,1.847,1.4143,2.2888,4.9488,9.9004,5.3151,1.1363,0.10081,1.6455,0.56796,0.32767,0.33319,1.2138,4.7113,10.007,5.0055,1.4826,1.9196,1.258,1.8064,1.0307,1.6939,0.51058
1.1271,0.87575,1.3907,0.25763,1.9231,0.32465,0.8866,0.18873,0.033675,0.1286,1.8394,0.73178,1.8597,0.23657,0.52294,1.4371,1.7669,0.63627,0.57821,1.3367,0.32478,0.076817,1.4335,1.7424,0.2348,1.7339,0.87715,1.9495,0.77963,1.0254,4.9586,10.734,4.3395,1.3928,0.89828,0.23519,0.23641,1.1372,1.1734,0.28708,1.7172,0.062863,2.5794,4.6783,10.789,5.2413,2.9999,0.56548,1.3962,1.6193
1.627,0.63606,0.93502,0.66871,0.049142,1.1915,0.32109,0.86801,1.0314,0.17511,1.2143,1.0204,1.5683,1.2691,1.6845,1.3351,1.4608,1.851,1.4013,0.3611,0.0095482,0.1337,0.36846,1.8628,0.21236,1.3187,0.70072,0.11615,1.8123,0.021734,1.8478,5.501,9.5893,5.0071,2.7909,0.3404,1.0713,0.30571,1.0188,1.2791,0.84012,2.5267,4.1865,10.329,4.2519,2.4402,1.9544,0.94976,0.69438,1.5099
1.898,0.25114,0.5932,1.6098,1.5915,1.8944,0.80285,0.023555,1.2354,0.81896,0.11395,0.51768,0.31925,0.2949,1.3012,1.1184,1.5325,1.443,1.8261,0.35591,1.0919,1.078,0.88066,0.85147,0.78378,0.13771,0.92161,0.052757,0.25469,0.82704,1.9747,4.8963,9.7412,4.7855,2.8225,1.5889,1.0942,1.3413,1.9987,0.53002,0.4608,2.5737,4.403,9.1136,4.9064,1.0904,0.95197,0.057205,1.3212,1.4167
1.2992,1.28,0.84151,0.2822,1.5684,0.87172,1.1934,0.34383,0.29405,1.4633,0.83056,1.1542,1.8735,0.42871,1.2691,1.1345,0.97814,1.2731,1.8898,1.6204,1.2613,1.8365,0.72903,1.7323,1.3935,1.8503,0.82441,1.4195,0.92068,0.64694,2.9886,5.2133,10.298,5.8106,1.3196,0.75843,1.6454,1.7933,1.9571,0.019928,1.4466,2.6479,4.0495,10.978,4.6067,2.6117,0.95547,0.27756,0.76876,1.6421
0.39727,1.3913,0.79238,1.0885,0.19438,0.52242,1.6896,1.9627,0.21485,1.6892,0.94603,0.93511,0.13078,0.068995,0.59631,0.93326,0.81559,1.8916,0.53595,0.11495,0.78622,0.33343,0.42701,0.96129,1.7771,0.078711,1.8942,1.2799,1.0546,0.68923,1.1627,5.4005,10.136,4.4868,2.1687,1.7848,1.3837,1.3497,1.5296,2.7052,4.1871,9.7657,5.3627,2.808,0.25392,0.78889,0.13722,0.23769,1.0893,0.66611
0.16497,1.8602,0.20691,1.7381,1.4287,1.8682,1.8179,1.087,1.9151,0.81648,0.56585,1.4622,0.76103,1.5482,1.3065,0.74156,1.7484,1.4607,0.30872,1.1665,1.135,0.24922,1.0671,1.8167,0.092408,1.9814,1.8958,0.93588,1.2281,0.48836,0.027614,1.4669,5.0245,9.4658,4.8938,2.2568,1.4162,1.3159,0.46848,0.61645,0.30646,0.70721,2.4707,5.5881,9.6409,4.33,1.6095,1.022,0.28053,0.97713
0.73323,1.5591,0.95641,1.8846,0.092971,0.35676,0.28831,1.8309,1.8019,1.3968,0.54238,0.20985,1.3841,0.51533,1.9584,0.070094,0.49525,1.0439,0.74119,1.4084,0.16651,0.027389,1.6645,0.50107,0.58436,1.3993,0.92087,1.1143,0.10356,0.81971,1.9731,1.9082,4.1208,9.0321,5.9468,1.4944,0.36701,0.82811,1.4738,1.8171,2.8101,4.661,9.2989,4.1696,1.7388,1.7946,1.8462,1.8778,1.3263,1.962
